+C Avg. Runtime	+C lower CI	+C upper CI
22397	21880.0	22913.0
-C Avg. Runtime	-C lower CI	-C upper CI
558	523.0	593.0

Trail	C+ Runtime	C- Runtime
0	25411	548
1	22621	540
2	22085	553
3	23308	527
4	21818	518
5	20745	509
6	21361	505
7	21189	519
8	26215	537
9	25959	522
10	22205	520
11	20829	511
12	20841	559
13	23970	550
14	21529	568
15	23452	555
16	24093	537
17	21938	581
18	21261	521
19	21154	556
20	22617	566
21	21694	524
22	21590	505
23	22004	505
24	22831	534
25	22625	510
26	22171	578
27	21657	511
28	21351	734
29	21376	1031