000000000
000000001	000001001	000011001
000000010
000000011	100011011
000000100	000010100	001100000	100000100
000000101	000001101	000010101	000011101	100000101	100001111	100011101	101010011	101011011
000000110	001111001	100001110	100010110	100011110	101100001	101101000	101101001	101111000	101111001
000000111	000011111	100000111	100010111
000001000
000001010	000010010	000011010
000001011
000001100	000011100	001100001	001101000	001101001	001110001	001111000	100011100
000001110	000010110	000011110	001101010	001101011	001110010	001111010	101110001
000001111	100011111
000010000
000010001	100000001	100001001	100010001	100011001
000010011	100000011	100010011
000010111	101000100	101010100
000011000
000011011	100001011
000100000
000100001	000101001	000110001	100110000
000100010	000101010	000110010	000111010	000111011	100101011	100111000
000100011	000110011	100100010	100101010	100110010	100111011
000100100	000101101	000110101	100111101	101100011	101111011
000100101	000110100	001100011	001110011	100100100	100100101	100101101	100110100	100110101	101110011	101111010
000100110	000100111	000101110	000110110	000111110	001000001	001001001	001010001	001011001	100100110	100101110	100111110	101000001	101011001
000101000	000111000	100101001	100110001	100111001
000101011
000101100	000101111	000111100	000111111	100101100	100101111	100111100	100111111
000110000
000110111	100100111	100110110	100110111
000111001
000111101
001000000	001010000
001000010	001001010	101001000	101011000
001000011	001010011	001011011	100001101	101000011	101001001
001000100	001010100	101011100
001000101	001010101	001011101	011001100	011011100	011100101	101010101	111001100	111010100	111011100	111110110
001000110	001001100	001001110	101001110	101010110	101011110
001000111	001011111	011001111	011011111	011100110	011101110	011111110	101000111	101010111	101011111	111000111	111010111	111011111	111101110	111110100	111111110
001001000	001011000
001001011	101001011	101010001
001001101	001001111	011110110	101001101	101001111	111001111	111100110
001010010	001011010	100010100	101000010	101001010	101010010	101011010
001010110	001011110	101100100
001010111	010000110	010001110	010010110	010011110	010101111	010110111	010111111	011000010	011000111	011001010	011001101	011010010	011010101	011010111	011100011	011100100	011101100	011110011	011110100	011111011	011111100	110000110	110001110	110010110	110011110	110100111	110110111	110111111	111000010	111000101	111010101	111011101	111100100	111101011	111101100	111110011	111111011	111111100
001011100	101000110	101001100
001100010	001111011	101100010	101101010	101101011	101110010
001100100	001100101	001101101	001110100	001110101	001111101	101100101	101101101	101110100	101110101	101111101
001100110	001100111	001110110	001110111	001111110	011000110	011001110	011010110	011100111	011110111	011111111	101101110	101110110	101110111	111000110	111001110	111010110	111011110	111100111	111110111
001101100	001101111	001111100	001111111	011101111	101100110	101100111	101101111	101111110	101111111	111101111	111111111
001101110	011010100	011011110	011111101	111000100	111101101	111110101	111111101
001110000	101100000	101110000
010000000	010000010	010000111	010001010	010001101	010010010	010010101	010010111	010011010	010011101	010100011	010101100	010110011	010111011	010111100	011000001	011101000	011111000	110000010	110000101	110000111	110001010	110001101	110010010	110010101	110011101	110100100	110101011	110101100	110110011	110111011	110111100	111000011	111010011	111011011	111100000	111111000
010000001	010000011	010010011	010011011	010101000	010111000	110000011	110010011	110011011	110100000	110110000
010000100	010010100	010100101	010101101	010110101	010111101	011000000	011000101	011010000	011011101	011101001	011110001	011111001	110000100	110010100	110100101	110101101	110110101	111011010	111100011	111110001
010000101	010010000	010100001	010101001	010110001	010111001	011001001	011010001	011011001	110000000	110011010	110100011	110110001	111000001	111001001	111101000
010001000	010011000	010110010	110001000	110010000	110100001	110101001	110110010	110111001	111010001	111011001
010001001	010010001	010011001	110000001	110001001	110010001	110011001	110101000	110111000
010001011	010100010	010101010	010111010	110001011	110011000	110100010	110101010	110111010
010001100	010011100	010110110	010111110	011001000	011011000	011100001	011110010	110001100	110011100	110110110	110111110	111001000	111010000	111111001
010001111	010100110	010101110	011001011	011100010	011111010	110001111	110011111	110100110	110101110	111001011	111011000	111110010	111111010
010011111	010100100	010101011	010110100	011000011	011011011	011100000	011101010	011110000	110010111	110110100	111100010	111101010	111110000
010100000	010110000
010100111	011011010	110111101	111001010	111001101	111010010
011000100	011101101	011110101	101000101	101011101	111100101
011010011
011101011	110101111
100000000
100000010
100000110
100001000	100011000
100001010	100010010
100001100
100010000
100010101
100011010
100100000
100100001
100100011	100110011
100101000
100111010
101000000
101010000
101101100	101111100
111000000	111100001	111101001
