+C Avg. Runtime	+C lower CI	+C upper CI
37822	37594.0	38050.0
-C Avg. Runtime	-C lower CI	-C upper CI
546	544.0	549.0

Trail	C+ Runtime	C- Runtime
0	38228	543
1	37043	546
2	39075	546
3	37280	541
4	37406	547
5	37968	557
6	37892	540
7	38104	548
8	38312	544
9	37538	538
10	37641	562
11	37364	538
12	37085	545
13	37972	545
14	37340	549
15	38749	542
16	38173	559
17	38068	543
18	38109	547
19	37792	538
20	38206	546
21	36812	548
22	38245	574
23	36721	540
24	37285	548
25	37182	542
26	37531	541
27	38269	542
28	37644	552
29	39621	539